@subtask samples
manual example-1.in
manual example-2.in

@subtask chain
gen 200000 1000000 1000000 1000000000 1 1 MIOUJRHTSP
gen 200000 1000000 1000000 1000000000 1 1 BRNLDCOBMB
gen 200000 1000000 1000000 1000000 1 1 LDKECSGECU
gen 200000 1000000 1000000 1000 1 1 IJFWFIKPSW
gen 200000 1000000 1000000 10 1 1 THAJYZQPTY

@subtask we1
manual we1-1.in
gen 500 500 1000000 1 0 0 EPITQYAYYO
gen 500 500 1000000 1 0 0 OWFAPEZAGG
gen 200 500 1000000 1 0 0 REFOFOCFKD
gen 500 500 1000000 1 1 0 IRYRQWEEQF
gen 500 500 1000000 1 1 0 ZJPASXRYZO

@subtask tree
gen 200000 1000000 1000000 1000000000 1 0 MIOUJRHTSP
gen 200000 1000000 1000000 1000000000 1 0 BRNLDCOBMB
gen 200000 1000000 1000000 1000000 1 0 QPZGUQEOTA
gen 200000 1000000 1000000 1000000 1 0 LDKECSGECU
gen 200000 1000000 1000000 1000 1 0 IJFWFIKPSW
gen 200000 1000000 1000000 1000 1 0 KHQELZZVUC
gen 200000 1000000 1000000 1000 1 0 EULIWKKITH
gen 200000 1000000 1000000 1000 1 0 WOBTSAWDDR
gen 200000 1000000 1000000 10 1 0 HTQYRFZTTI
gen 200000 1000000 1000000 10 1 0 THAJYZQPTY

@subtask qnlogn
@include samples
gen 500 500 1000000 1000000000 0 0 UVGZDAPYLF
gen 500 500 1000000 1000000000 0 0 ZKVRQQQXQW
gen 500 500 1000000 1000000000 0 0 RPCMGNWHAV
gen 500 500 1000000 1000000000 0 0 OIZGDEMVXD
gen 500 500 1000000 1000000000 0 0 JCLTVITQFR
gen 500 500 1000000 1000000 0 0 LQPIYGMYWI
gen 500 500 1000000 1000000 0 0 LMEDRFPDNB
gen 500 500 1000000 1000000 0 0 YIKWHHSUGG
gen 500 500 1000000 1000000 0 0 RXEPONKZEN
gen 500 500 1000000 1000000 0 0 SIDQDETBCQ
gen 500 500 1000000 1000 0 0 BKXQPZVOZD
gen 500 500 1000000 1000 0 0 QOROLKXRUH
gen 500 500 1000000 1000 0 0 DWBSKZHUIB
gen 500 500 1000000 1000 0 0 DDOMACOGRY
gen 500 500 1000000 1000 0 0 LHTPGVOGEW
gen 500 500 1000000 1000 0 0 CBQPDIJSOY
gen 500 500 1000000 10 0 0 KVJFTCHGXN
gen 500 500 1000000 10 0 0 GDNMZUHQQJ
gen 500 500 1000000 10 0 0 MBKAEYUAYZ
gen 500 500 1000000 10 0 0 ZBLDNUUZZ5

@subtask full
@include we1
@include tree
@include qnlogn
gen 200000 1000000 1000000 1000000000 0 0 DXQJQFZMMC
gen 200000 1000000 1000000 1000000000 0 0 IAOJZKMFYW
gen 200000 1000000 1000000 1000000000 0 0 CBTLRRTQLO
gen 200000 200000 1000000 1000000000 0 0 RRQPQWSXGA
gen 200000 200000 1000000 1000000000 0 0 JUZBXWMTRW
gen 200000 1000000 1000000 1000000000 0 0 XXEXTNHZRU
gen 200000 1000000 1000000 1000000 0 0 NPQMRIAVPW
gen 200000 1000000 1000000 1000000 0 0 UGYHWZBLFG
gen 200000 1000000 1000000 1000000 0 0 AFJWBGKMYK
gen 200000 1000000 1000000 1000000 0 0 RMJXFAJXCE
gen 200000 1000000 1000000 1000000 0 0 PGZDSRXJSL
gen 200000 1000000 1000000 1000 0 0 FYVWBUEZCZ
gen 200000 1000000 1000000 1000 0 0 BOMLBHPEAQ
gen 200000 1000000 1000000 1000 0 0 IQRGRHHEXQ
gen 200000 1000000 1000000 1000 0 0 PNEZIEDJOK
gen 200000 1000000 1000000 100 0 0 GZJBKRKMDD
gen 200000 1000000 1000000 100 0 0 UBQLKZJCFM
gen 200000 1000000 1000000 100 0 0 QHCZHEJLSZ
gen 200000 1000000 1000000 10 0 0 OAHIKTBZPE
gen 200000 1000000 1000000 10 0 0 VNMGWUVFRD
